0.0002000 0.0009600 0.0019000 0.0095000 0.0201000 0.0278000 0.0298000
0.0344000 0.0349000 0.3093820 0.3110777 0.3207273 0.3240000 0.3337372
0.3553384 0.3605073 0.3668851 0.3737808 0.3744039 0.4047691 0.4103720
0.4245146 0.4262000 0.4465338 0.4487876 0.4557329 0.4598132 0.4624223
0.4717155 0.4769983 0.4784448 0.4790645 0.4993995 0.5303132 0.5311196
0.5313335 0.5327325 0.5580414 0.5592140 0.5598912 0.5638025 0.5719000
0.5747144 0.5774900 0.5787261 0.5792865 0.5986576 0.6038321 0.6048081
0.6075419 0.6159652 0.6253271 0.6284356 0.6298608 0.6481381 0.6528000
0.6690295 0.6790943 0.6873514 0.6999791 0.7002891 0.7235762 0.7455389
0.7505164 0.7590000 0.7593205 0.7738270 0.7860352 0.8010015 0.8038214
0.8210056 0.8347242 0.8418525 0.8434872 0.8448870 0.8620688 0.8848911
0.9086812 0.9205249 1.0000000